500 100
18 58 143531731
18 100 427070708
46 100 162568693
46 89 76854503
36 89 944072295
36 83 315267567
31 83 271632599
31 33 288858596
34 41 278339953
25 41 730426162
25 53 69388280
47 53 710447733
13 46 956172463
13 77 323625071
53 77 961211668
53 85 94460798
83 85 713348971
3 82 352004896
3 16 510862958
17 29 35172039
78 82 650706924
17 33 325497609
3 29 602966707
30 52 441935495
17 24 157814442
30 46 281397012
42 46 521245922
13 85 484405593
46 58 606303300
18 41 829512668
46 53 484039974
13 83 272151045
47 82 648067573
13 53 434797201
30 82 48818767
17 45 426588917
83 89 642083358
17 53 323372970
47 83 38128376
30 85 969383367
17 85 842923659
31 85 13243862
34 58 735581880
25 45 915690702
42 82 582033597
18 46 951618966
3 17 954733844
78 85 128476007
13 33 74263152
34 89 541223388
13 29 78250191
13 24 576935930
42 89 62351506
42 58 382102119
53 82 482692044
13 100 50019815
3 89 851426730
34 45 687516001
46 83 806507635
25 58 497571377
31 89 315883369
3 58 844915389
47 52 946397045
59 89 949897180
54 89 669423690
84 85 246819448
13 16 95866277
53 89 916873384
36 100 993872671
18 45 138914703
46 52 587760863
18 77 83978122
36 77 77870232
36 45 114820607
30 45 197118952
31 82 878685016
17 35 458218771
42 100 869715785
13 35 339136271
46 85 851213434
34 83 707373648
36 85 688646296
17 17 379248934
3 33 404944054
18 85 732429364
3 85 884281204
25 77 537350830
83 83 492252385
31 45 742308925
18 53 361797884
30 100 763939041
18 35 53390623
18 33 908247069
34 46 14879052
17 46 810149535
3 53 570399190
78 89 774192623
35 76 652777324
51 76 105986612
51 94 609866871
27 94 949503745
27 62 678751680
5 62 867765895
5 10 632384073
11 11 580708446
12 21 83724079
22 90 598999800
75 90 362574569
6 74 542713860
6 27 447130833
28 96 635193699
58 96 773664178
6 94 950852858
11 57 678938020
58 62 807906659
12 74 676180512
22 26 775341948
22 96 828748555
12 50 761247006
6 10 204725539
22 94 241159938
35 96 864738233
35 57 639875950
58 90 80624152
5 5 480387705
75 96 33981651
51 74 450799140
28 34 827465513
11 96 960747996
12 26 580067944
11 21 25098273
35 74 284681923
27 90 395788561
11 94 433046818
35 50 967216290
28 94 410859025
27 57 119888774
22 34 622279973
35 94 969417560
6 90 860072206
11 76 223123173
11 26 78263102
35 62 564743578
12 57 935035358
91 96 662406977
75 94 912577783
91 94 329667629
5 34 710338250
51 57 67645042
5 27 79856528
27 74 654733023
35 90 194821693
5 21 189334639
58 94 133889282
95 96 913897695
51 62 526804313
63 76 2643534
5 74 622029325
5 57 522138115
28 76 198887731
22 62 875289781
58 76 188158586
27 34 253349630
77 96 779553198
22 27 274676389
6 62 379651890
28 50 405706528
12 62 149012432
22 76 568877007
12 27 616044685
11 74 213374700
12 76 360753137
12 94 607378282
5 94 776534204
6 21 807550975
5 11 684670001
22 57 587071078
22 50 500027492
27 27 278853149
28 62 19130
51 96 191385493
5 26 486473375
63 96 534849223
12 34 212831380
5 96 935093193
11 90 67714274
27 96 661185221
77 94 386968612
5 76 651883712
6 50 889228242
6 11 762913491
11 34 387552729
28 74 468232095
67 91 256315392
16 66 347456477
16 43 568195869
44 63 662647739
4 63 558090379
4 9 105616717
8 9 487172054
8 67 48717397
57 67 195596882
2 56 807678511
2 54 500400285
55 72 230277586
7 72 908209835
7 75 90547478
76 84 812879203
2 3 599593156
8 56 451557331
7 67 964019676
44 72 318267004
2 15 332928788
68 75 604019134
85 91 1236194
2 6 420639832
10 66 516338234
55 91 386561603
4 7 554947197
16 75 221463283
44 67 428140956
44 56 387603370
16 67 724928081
2 9 243240745
10 84 177720110
64 66 809046212
10 72 661674281
4 66 611292728
16 72 225869599
8 43 725328109
10 91 278314718
7 56 865393661
73 75 976247825
44 91 135421381
8 66 151946193
7 15 70720048
57 63 800116063
2 75 81775867
16 84 536289995
44 75 530185652
7 63 921884907
44 66 905243979
7 43 851658491
67 84 837829603
2 91 400027677
8 91 239853225
64 75 654505726
16 54 304204117
8 63 330247756
57 75 552858732
2 63 384229594
7 9 882943960
64 67 929258043
55 67 39479479
8 84 989597725
67 67 388710480
73 91 531193140
4 15 633841767
16 56 883668746
4 43 451059209
64 84 740127740
10 67 896776412
64 72 263958691
73 84 54740771
2 84 351880054
4 84 315611250
10 43 620120654
4 67 371861987
55 63 841969004
7 84 616945927
4 72 512119809
16 91 887673002
4 75 618492629
57 91 939928169
68 72 624760238
76 91 150691256
44 84 624101174
7 54 782760474
2 43 275930942
10 15 17573603
4 91 134530494
2 66 946656712
8 72 647462734
16 63 845280085
67 72 45523419
8 75 548438229
55 84 607022193
10 75 838822011
55 66 788965454
41 65 241712940
66 99 745949846
71 99 283286544
52 70 452312857
39 51 430258371
9 38 983854465
9 20 725052494
21 25 885650256
26 31 566664632
32 37 412622696
38 44 942487293
45 64 127209213
65 88 736056804
14 88 799025406
14 79 79960270
52 64 13882156
38 51 285170715
66 88 995764750
65 70 745985314
21 88 252359835
26 70 835032547
45 99 26078378
14 51 149160520
9 88 546412395
21 65 224310641
41 99 444964485
41 88 729194662
21 99 638822032
9 13 572652810
21 37 475909812
41 64 555863123
9 40 911082520
21 31 809608715
26 64 35182029
80 99 503111549
14 70 909568309
32 65 720730356
9 99 255085672
9 31 282155715
14 31 917039113
32 51 701502519
26 51 227179280
26 44 608017684
89 99 660624246
21 70 651064941
39 40 315094106
14 25 146469892
38 65 415515614
38 70 757111632
26 99 461581052
21 64 198771308
52 88 551620393
21 38 441602943
32 64 383433514
9 44 321659622
14 65 893158330
9 65 713274260
80 88 651361332
39 88 113580850
9 51 260445310
71 88 475145092
14 38 347835423
14 37 609555802
66 79 378271559
45 70 474269312
14 20 174553453
39 65 894914290
26 88 295041594
38 88 983768596
45 65 116659368
41 44 521642990
26 40 858051229
41 51 287158724
9 64 495750034
32 38 161344593
39 64 994328665
38 79 525241422
45 88 80911360
65 99 644210206
66 70 112472108
71 79 841708645
39 70 374294352
9 25 589276165
45 79 914783816
14 44 730515290
32 44 882953530
14 40 131467034
52 99 651240746
52 65 490943298
9 79 549909685
38 40 907568438
9 70 527256569
65 65 724750376
38 64 87479829
32 70 817868712
21 40 184940813
60 92 221881961
60 60 756791393
1 60 184324445
1 39 36735247
40 71 223078010
50 71 54598946
33 49 729847434
33 61 417802260
29 61 387582100
29 86 274432227
19 86 951922678
19 68 89456593
43 68 278137575
43 73 296554078
48 73 401717191
40 42 924838678
61 73 550939995
60 73 736947623
69 73 452374010
1 68 991004457
1 86 978397891
29 71 697626941
1 71 529913773
69 92 787371701
60 68 815304618
43 59 561924212
61 71 993722359
72 86 660168571
33 42 459334745
19 73 995373776
69 86 599915410
1 42 726239081
19 60 944940663
43 86 986934510
43 49 992035491
40 73 968620491
62 68 188800573
50 86 194515413
40 92 590175563
50 73 812061710
19 32 176985127
40 68 742815303
29 59 835103324
61 86 54478964
19 39 508803596
33 71 836684632
19 28 933315100
72 92 380562260
62 86 255663400
43 61 877925874
74 86 765439259
43 71 280706442
19 42 854435564
29 47 751441317
43 60 968595324
33 68 294572925
33 92 718752263
74 92 544033322
48 86 640710554
33 47 389622588
1 59 572066199
19 61 810761674
48 60 272845511
50 68 785326896
40 61 52819444
48 49 107047093
50 92 827569537
40 86 789871764
50 61 811411635
19 47 301397867
19 92 475681301
61 61 817936996
19 49 667901915
29 73 308575055
1 28 970935168
48 71 676200819
33 73 113219254
29 32 65681955
62 73 614727808
1 49 47749928
62 71 505496573
40 49 877936204
33 60 960103535
40 47 1701887
87 92 541853827
1 18 806187863
29 60 336048793
33 39 19593376
61 92 154629354
33 59 995311469
60 86 858436951
72 73 936143261
43 92 685724927
29 39 421805360
60 71 746615964
61 68 88845473
81 93 570983595
81 81 989657248
24 81 499657888
24 55 205101112
20 55 739494031
20 69 77158435
70 98 97896369
96 98 690136786
15 95 812970678
15 87 135411562
49 87 702071165
49 78 868004563
37 78 593221472
23 36 7297800
23 97 574017048
79 93 830426707
79 81 374536114
20 93 251518273
15 78 129640486
500
1
2
3
4
5
6
7
8
9
10
11
12
13
14
15
16
17
18
19
20
21
22
23
24
25
26
27
28
29
30
31
32
33
34
35
36
37
38
39
40
41
42
43
44
45
46
47
48
49
50
51
52
53
54
55
56
57
58
59
60
61
62
63
64
65
66
67
68
69
70
71
72
73
74
75
76
77
78
79
80
81
82
83
84
85
86
87
88
89
90
91
92
93
94
95
96
97
98
99
100
101
102
103
104
105
106
107
108
109
110
111
112
113
114
115
116
117
118
119
120
121
122
123
124
125
126
127
128
129
130
131
132
133
134
135
136
137
138
139
140
141
142
143
144
145
146
147
148
149
150
151
152
153
154
155
156
157
158
159
160
161
162
163
164
165
166
167
168
169
170
171
172
173
174
175
176
177
178
179
180
181
182
183
184
185
186
187
188
189
190
191
192
193
194
195
196
197
198
199
200
201
202
203
204
205
206
207
208
209
210
211
212
213
214
215
216
217
218
219
220
221
222
223
224
225
226
227
228
229
230
231
232
233
234
235
236
237
238
239
240
241
242
243
244
245
246
247
248
249
250
251
252
253
254
255
256
257
258
259
260
261
262
263
264
265
266
267
268
269
270
271
272
273
274
275
276
277
278
279
280
281
282
283
284
285
286
287
288
289
290
291
292
293
294
295
296
297
298
299
300
301
302
303
304
305
306
307
308
309
310
311
312
313
314
315
316
317
318
319
320
321
322
323
324
325
326
327
328
329
330
331
332
333
334
335
336
337
338
339
340
341
342
343
344
345
346
347
348
349
350
351
352
353
354
355
356
357
358
359
360
361
362
363
364
365
366
367
368
369
370
371
372
373
374
375
376
377
378
379
380
381
382
383
384
385
386
387
388
389
390
391
392
393
394
395
396
397
398
399
400
401
402
403
404
405
406
407
408
409
410
411
412
413
414
415
416
417
418
419
420
421
422
423
424
425
426
427
428
429
430
431
432
433
434
435
436
437
438
439
440
441
442
443
444
445
446
447
448
449
450
451
452
453
454
455
456
457
458
459
460
461
462
463
464
465
466
467
468
469
470
471
472
473
474
475
476
477
478
479
480
481
482
483
484
485
486
487
488
489
490
491
492
493
494
495
496
497
498
499
500
