1000 2000
1 393
2 251
3 577
4 90
5 860
6 142
7 479
8 149
9 798
10 424
11 337
12 617
13 160
14 356
15 38
16 521
17 741
18 300
19 819
20 702
21 299
22 831
23 687
24 726
25 801
26 878
27 302
28 712
29 864
30 837
31 405
32 837
33 182
34 898
35 680
36 948
37 75
38 566
39 396
40 123
41 133
42 898
43 380
44 724
45 56
46 887
47 416
48 506
49 343
50 703
51 611
52 449
53 79
54 443
55 795
56 997
57 362
58 128
59 53
60 72
61 278
62 679
63 338
64 681
65 764
66 992
67 900
68 925
69 830
70 961
71 429
72 820
73 143
74 8
75 942
76 663
77 169
78 417
79 791
80 825
81 982
82 527
83 588
84 789
85 565
86 589
87 346
88 124
89 354
90 619
91 174
92 637
93 450
94 427
95 338
96 902
97 861
98 177
99 286
100 848
101 822
102 633
103 760
104 386
105 211
106 8
107 406
108 345
109 57
110 247
111 829
112 542
113 514
114 347
115 989
116 756
117 567
118 623
119 123
120 407
121 81
122 405
123 954
124 108
125 716
126 392
127 129
128 839
129 410
130 785
131 945
132 500
133 338
134 197
135 570
136 284
137 168
138 417
139 583
140 270
141 22
142 977
143 92
144 179
145 110
146 266
147 983
148 3
149 584
150 623
151 607
152 573
153 920
154 9
155 649
156 532
157 645
158 575
159 630
160 682
161 491
162 172
163 835
164 441
165 729
166 432
167 607
168 377
169 652
170 477
171 908
172 411
173 761
174 61
175 843
176 766
177 717
178 710
179 705
180 887
181 423
182 992
183 440
184 368
185 417
186 669
187 526
188 505
189 425
190 859
191 412
192 89
193 714
194 782
195 340
196 255
197 204
198 116
199 96
200 998
201 463
202 633
203 548
204 828
205 586
206 74
207 483
208 874
209 218
210 503
211 811
212 330
213 483
214 685
215 682
216 150
217 775
218 562
219 230
220 5
221 591
222 862
223 156
224 277
225 604
226 827
227 858
228 948
229 832
230 406
231 405
232 188
233 638
234 168
235 464
236 401
237 730
238 577
239 206
240 114
241 431
242 556
243 698
244 127
245 879
246 315
247 232
248 985
249 306
250 15
251 183
252 790
253 813
254 348
255 896
256 331
257 244
258 584
259 946
260 616
261 515
262 716
263 68
264 745
265 260
266 91
267 348
268 113
269 407
270 511
271 379
272 559
273 865
274 392
275 211
276 849
277 396
278 251
279 522
280 999
281 656
282 420
283 947
284 812
285 890
286 579
287 761
288 677
289 830
290 372
291 89
292 582
293 811
294 677
295 107
296 321
297 935
298 214
299 358
300 274
301 676
302 948
303 870
304 741
305 156
306 954
307 516
308 371
309 238
310 896
311 376
312 489
313 551
314 255
315 301
316 826
317 899
318 128
319 970
320 660
321 786
322 787
323 851
324 76
325 951
326 82
327 177
328 699
329 856
330 528
331 644
332 161
333 275
334 779
335 379
336 818
337 487
338 874
339 463
340 255
341 760
342 149
343 71
344 451
345 246
346 406
347 747
348 811
349 751
350 674
351 32
352 737
353 885
354 950
355 589
356 327
357 226
358 488
359 953
360 151
361 422
362 649
363 853
364 212
365 76
366 742
367 18
368 352
369 896
370 846
371 436
372 104
373 461
374 892
375 42
376 295
377 967
378 51
379 689
380 414
381 482
382 915
383 76
384 419
385 424
386 893
387 288
388 183
389 564
390 922
391 804
392 973
393 557
394 762
395 487
396 536
397 236
398 968
399 416
400 940
401 912
402 33
403 275
404 352
405 262
406 820
407 121
408 809
409 60
410 857
411 290
412 792
413 207
414 227
415 591
416 44
417 164
418 2
419 73
420 668
421 530
422 697
423 951
424 964
425 622
426 362
427 822
428 345
429 573
430 419
431 442
432 725
433 304
434 776
435 923
436 625
437 443
438 878
439 214
440 217
441 339
442 554
443 331
444 800
445 645
446 650
447 22
448 465
449 493
450 50
451 25
452 510
453 933
454 346
455 101
456 858
457 329
458 780
459 589
460 823
461 932
462 72
463 804
464 487
465 39
466 616
467 658
468 964
469 405
470 351
471 41
472 725
473 74
474 742
475 288
476 945
477 323
478 749
479 29
480 373
481 599
482 907
483 168
484 475
485 237
486 513
487 526
488 688
489 101
490 884
491 686
492 391
493 469
494 642
495 519
496 756
497 345
498 81
499 143
500 691
501 574
502 469
503 282
504 646
505 350
506 442
507 576
508 752
509 791
510 516
511 681
512 806
513 666
514 368
515 659
516 653
517 150
518 328
519 495
520 141
521 471
522 217
523 910
524 637
525 142
526 244
527 981
528 536
529 207
530 460
531 269
532 429
533 350
534 356
535 377
536 513
537 218
538 684
539 621
540 231
541 384
542 970
543 479
544 333
545 533
546 503
547 340
548 852
549 815
550 698
551 936
552 532
553 132
554 696
555 711
556 234
557 266
558 8
559 445
560 484
561 848
562 269
563 967
564 514
565 90
566 268
567 967
568 936
569 278
570 85
571 53
572 139
573 240
574 756
575 848
576 329
577 940
578 128
579 529
580 184
581 658
582 193
583 722
584 111
585 368
586 542
587 387
588 802
589 53
590 26
591 621
592 431
593 47
594 709
595 797
596 823
597 9
598 976
599 673
600 797
601 574
602 864
603 729
604 659
605 836
606 287
607 318
608 611
609 149
610 680
611 292
612 835
613 669
614 322
615 343
616 331
617 978
618 768
619 370
620 402
621 48
622 453
623 858
624 681
625 113
626 418
627 53
628 241
629 318
630 550
631 655
632 585
633 48
634 845
635 281
636 323
637 989
638 597
639 544
640 178
641 827
642 646
643 780
644 3
645 941
646 35
647 507
648 910
649 706
650 394
651 836
652 976
653 727
654 797
655 632
656 380
657 561
658 159
659 279
660 311
661 231
662 202
663 413
664 891
665 898
666 320
667 530
668 673
669 25
670 426
671 92
672 926
673 451
674 303
675 250
676 228
677 979
678 787
679 229
680 71
681 402
682 72
683 908
684 246
685 918
686 73
687 962
688 471
689 767
690 561
691 188
692 945
693 423
694 281
695 76
696 642
697 88
698 208
699 432
700 423
701 182
702 543
703 31
704 766
705 32
706 985
707 853
708 309
709 190
710 278
711 929
712 154
713 522
714 594
715 789
716 679
717 245
718 88
719 153
720 850
721 541
722 906
723 308
724 275
725 692
726 757
727 282
728 12
729 713
730 473
731 766
732 803
733 987
734 627
735 586
736 780
737 50
738 506
739 827
740 730
741 53
742 536
743 801
744 753
745 64
746 451
747 926
748 352
749 155
750 811
751 490
752 38
753 38
754 599
755 514
756 971
757 995
758 180
759 524
760 46
761 17
762 835
763 530
764 452
765 937
766 52
767 967
768 224
769 684
770 967
771 516
772 563
773 257
774 740
775 554
776 145
777 436
778 553
779 883
780 952
781 704
782 93
783 770
784 96
785 663
786 870
787 312
788 971
789 907
790 653
791 508
792 144
793 812
794 160
795 371
796 915
797 859
798 557
799 14
800 978
801 367
802 849
803 50
804 432
805 32
806 812
807 544
808 227
809 146
810 146
811 69
812 165
813 316
814 503
815 99
816 982
817 768
818 539
819 968
820 214
821 781
822 224
823 445
824 991
825 197
826 13
827 758
828 229
829 585
830 844
831 816
832 562
833 852
834 713
835 948
836 889
837 844
838 915
839 412
840 183
841 503
842 369
843 561
844 34
845 191
846 108
847 630
848 14
849 639
850 903
851 19
852 528
853 769
854 607
855 885
856 819
857 177
858 519
859 765
860 39
861 251
862 210
863 27
864 196
865 309
866 394
867 273
868 895
869 953
870 616
871 603
872 812
873 179
874 566
875 105
876 324
877 746
878 723
879 943
880 928
881 530
882 906
883 562
884 799
885 491
886 57
887 153
888 172
889 329
890 855
891 775
892 403
893 383
894 593
895 717
896 826
897 645
898 1000
899 209
900 702
901 112
902 323
903 141
904 491
905 960
906 213
907 266
908 251
909 947
910 487
911 971
912 786
913 127
914 513
915 877
916 278
917 220
918 112
919 943
920 833
921 94
922 615
923 679
924 862
925 42
926 689
927 742
928 29
929 981
930 282
931 457
932 207
933 225
934 734
935 369
936 894
937 601
938 479
939 923
940 57
941 357
942 511
943 975
944 23
945 402
946 864
947 547
948 772
949 426
950 188
951 813
952 539
953 190
954 233
955 123
956 588
957 940
958 875
959 388
960 43
961 495
962 47
963 423
964 873
965 685
966 215
967 386
968 701
969 818
970 246
971 349
972 488
973 838
974 501
975 630
976 147
977 890
978 284
979 854
980 43
981 828
982 390
983 342
984 651
985 405
986 411
987 891
988 664
989 100
990 600
991 480
992 818
993 267
994 531
995 525
996 443
997 390
998 534
999 584
1000 808
9 348
470 621
174 827
558 862
511 746
310 671
955 547
281 545
280 234
169 650
484 483
453 487
887 797
468 324
637 682
677 363
644 929
499 766
800 438
582 909
803 128
622 83
481 617
932 915
946 850
195 275
519 65
167 822
545 515
994 322
132 824
388 478
220 842
173 103
866 797
208 153
182 780
883 559
513 560
497 661
959 611
711 30
721 276
323 170
134 593
922 306
572 699
958 130
437 292
367 691
112 282
859 809
612 900
47 99
187 902
72 518
757 983
39 204
840 709
892 402
865 918
802 280
37 621
550 469
239 257
174 688
258 212
98 171
304 134
317 602
81 301
885 946
201 775
711 461
373 664
778 398
795 71
180 484
586 194
284 197
56 592
878 809
680 550
479 914
808 961
655 898
220 871
894 545
539 712
237 779
198 666
963 984
307 732
327 990
491 111
87 73
848 622
755 786
663 131
154 475
857 564
823 522
575 774
974 610
226 224
378 422
351 580
718 928
247 243
445 427
532 935
302 4
716 225
971 382
490 725
176 90
836 491
533 762
706 788
520 908
909 44
281 631
15 886
454 704
492 151
71 823
394 244
731 767
860 858
149 48
480 286
397 87
816 952
27 391
629 271
565 741
236 649
550 400
465 641
579 863
341 489
163 550
811 862
876 335
819 458
174 587
36 28
58 80
24 625
492 193
466 996
81 681
912 114
38 634
733 375
995 367
868 846
248 982
184 26
853 877
944 150
309 777
980 240
40 663
557 436
508 780
956 617
24 499
234 527
423 850
333 821
948 609
675 854
672 496
143 7
401 536
238 844
445 978
436 142
151 624
986 272
635 616
462 225
850 552
59 472
394 208
305 533
691 688
718 170
372 511
214 206
98 305
603 439
910 601
192 901
232 628
715 956
405 12
48 241
305 672
679 332
946 595
48 158
790 843
47 757
186 193
733 92
330 908
334 144
497 593
260 847
332 493
369 558
461 99
309 816
833 780
208 732
943 991
151 42
561 930
334 933
770 709
528 13
986 438
184 544
724 340
59 74
367 774
555 138
307 758
541 980
989 193
976 263
221 650
22 396
764 25
138 342
159 964
211 143
603 238
691 470
72 250
427 178
173 211
980 226
280 299
408 671
975 846
139 821
448 108
727 873
467 901
259 760
929 90
341 624
799 270
742 624
908 130
109 659
460 926
833 85
59 16
232 415
550 254
711 774
192 76
474 846
255 6
482 336
170 850
921 538
801 518
743 113
653 577
443 68
896 327
670 442
235 952
768 509
739 194
14 78
553 430
411 375
697 801
626 768
229 637
595 576
99 474
120 280
53 761
792 21
609 616
338 708
276 836
203 212
91 745
848 355
738 362
893 307
539 593
722 256
992 131
194 37
458 70
708 496
260 495
242 309
630 50
215 939
961 859
728 759
828 975
931 311
684 428
9 819
405 582
990 402
370 726
805 244
98 915
769 933
99 661
220 296
974 902
747 786
930 479
599 40
431 101
795 807
525 840
783 962
652 314
596 773
604 208
719 946
605 137
25 523
258 266
669 505
468 417
772 925
91 387
673 783
790 214
939 451
690 751
349 755
271 119
859 704
217 634
764 970
374 622
115 206
141 956
509 362
440 597
588 176
530 549
60 47
743 820
319 3
3 191
957 583
70 551
399 110
783 288
29 859
394 111
469 233
124 251
317 723
401 596
549 851
919 289
56 350
395 236
404 489
731 393
590 173
597 257
789 844
301 691
337 694
190 825
581 561
400 36
716 50
344 849
812 407
802 691
18 46
425 875
131 545
437 679
400 496
25 895
748 678
200 416
968 336
274 58
272 394
466 575
569 548
238 473
777 330
203 778
675 582
689 814
665 928
232 601
783 521
345 327
543 243
661 169
243 63
752 579
222 96
205 832
834 922
194 909
810 13
170 694
651 591
650 127
778 330
568 934
675 927
103 383
261 610
811 495
722 129
958 197
802 656
642 628
229 37
1 977
856 130
189 14
112 897
249 110
851 397
593 238
97 185
445 764
753 733
32 616
682 512
87 260
503 179
463 373
659 274
762 662
348 517
307 488
530 940
293 883
40 594
931 599
637 482
239 183
227 491
436 273
394 597
986 122
608 724
25 714
951 516
603 629
799 774
763 437
576 294
805 614
228 271
413 853
340 591
203 909
594 74
269 141
349 410
132 836
84 36
365 917
636 405
372 206
180 319
149 813
128 991
288 350
708 923
154 162
430 352
319 5
681 847
179 694
393 491
908 125
320 343
381 302
112 769
92 117
444 122
687 647
440 956
432 263
350 31
474 796
339 150
358 757
233 156
939 289
836 350
164 436
283 960
443 133
969 951
953 664
321 664
5 504
626 195
641 640
791 766
493 941
848 776
487 688
609 409
684 27
913 395
805 63
695 816
918 511
512 276
667 898
584 928
644 1
228 703
392 753
654 740
461 751
20 329
653 228
143 508
199 750
141 815
291 530
174 305
859 865
435 459
871 928
609 992
835 937
312 167
498 618
312 708
296 574
848 329
688 729
283 575
837 954
997 133
166 596
91 169
772 790
384 600
511 732
372 724
105 340
450 600
830 780
274 949
50 554
914 198
113 227
513 452
363 912
785 243
388 507
816 615
691 819
27 852
285 389
964 424
805 608
28 116
864 934
613 793
619 783
20 266
247 111
184 350
392 388
834 494
521 147
505 238
269 426
906 881
341 831
45 395
718 500
909 110
178 650
648 653
564 571
976 361
178 735
524 360
719 247
227 615
742 807
105 793
636 606
177 584
71 156
483 314
632 855
872 28
512 844
966 876
705 328
690 822
775 799
728 11
924 617
716 693
47 825
804 657
474 927
947 743
200 957
190 616
895 598
598 859
65 336
205 746
205 830
390 25
630 732
281 225
662 326
877 226
588 728
744 601
538 404
410 378
39 928
704 677
443 115
120 569
532 962
224 979
397 931
315 201
53 386
469 976
253 758
870 709
612 203
278 794
304 792
333 28
979 566
367 479
19 940
175 460
771 577
429 821
746 14
333 438
495 181
827 4
205 852
568 661
358 832
493 488
443 4
365 662
102 851
703 619
1 762
852 444
608 451
879 675
434 930
439 148
670 992
601 729
465 338
280 514
850 115
536 930
55 157
442 577
138 252
191 489
294 22
595 700
106 621
116 699
736 333
559 469
110 53
698 130
385 849
74 377
588 460
456 507
280 965
718 753
338 871
984 762
249 726
152 113
437 873
624 565
250 745
466 616
286 655
250 691
599 212
84 956
841 53
623 713
889 226
287 916
635 783
713 428
261 130
234 553
137 331
726 182
280 10
950 778
763 309
530 605
251 406
910 563
502 574
950 542
75 523
75 767
511 139
567 867
841 143
245 459
592 104
83 274
190 518
649 840
61 906
844 568
1000 378
869 843
353 268
357 162
900 374
212 732
390 436
477 619
204 949
477 558
717 993
11 869
592 829
956 136
878 954
719 516
662 341
478 263
707 509
35 240
756 74
692 883
529 763
319 143
314 932
522 904
973 305
348 830
600 417
706 628
775 368
422 390
575 788
579 351
23 777
849 315
912 310
211 761
213 534
30 483
516 576
761 477
129 432
457 945
65 170
188 656
974 785
289 795
169 960
511 382
459 341
679 698
248 464
192 593
370 263
703 431
424 511
674 378
729 532
902 370
895 820
770 582
89 22
130 658
858 468
237 831
734 254
471 667
93 838
201 232
981 614
89 428
388 802
102 906
64 82
253 185
381 1000
382 916
582 819
99 837
273 251
435 856
901 283
130 498
478 261
242 256
756 272
742 40
784 852
707 695
405 909
38 519
921 15
166 547
311 329
74 341
980 318
469 2
153 40
947 762
193 394
746 599
658 532
941 660
534 776
570 998
772 746
704 438
478 244
978 461
750 630
540 296
632 537
359 516
912 577
541 925
765 564
343 803
934 818
907 303
36 941
16 124
723 749
272 361
11 878
372 639
601 675
26 243
999 8
400 111
488 769
298 786
359 982
24 366
781 548
597 459
374 962
542 940
344 287
339 663
80 727
12 925
830 969
932 328
154 668
304 519
116 725
629 389
72 608
332 192
85 261
345 191
789 485
280 347
229 605
495 94
857 368
558 753
367 495
220 660
962 436
808 317
601 646
954 437
3 764
396 819
282 521
441 325
655 241
438 998
389 75
131 959
828 56
445 189
167 697
852 395
558 846
289 227
451 50
253 340
709 523
648 327
716 872
90 226
3 685
116 968
537 890
324 408
49 758
301 780
901 409
350 145
613 370
558 264
824 589
641 720
872 160
198 421
694 356
47 374
376 804
442 773
239 638
734 270
961 990
40 92
804 660
572 56
911 661
683 319
287 818
294 530
304 231
181 597
992 395
687 821
419 556
816 844
821 427
644 125
515 703
339 508
374 745
688 382
212 366
650 338
433 149
419 93
443 946
123 430
151 92
981 479
531 172
290 689
557 394
472 451
710 673
135 58
511 199
985 661
325 184
271 17
251 838
493 759
983 509
19 344
314 311
39 57
91 27
2 248
29 393
